{
 "cells": [
  {
   "cell_type": "code",
   "execution_count": 2,
   "metadata": {},
   "outputs": [],
   "source": [
    "import numpy as np\n",
    "import pandas as pd\n",
    "import seaborn as sns\n",
    "import matplotlib.pyplot as plt\n",
    "from sklearn.model_selection import train_test_split, cross_val_score\n",
    "from sklearn.linear_model import LinearRegression, Lasso, Ridge\n",
    "from sklearn.metrics import mean_absolute_error,mean_squared_error, r2_score,make_scorer\n",
    "from sklearn.preprocessing import PolynomialFeatures\n",
    "from sklearn.pipeline import make_pipeline\n",
    "\n",
    "import warnings\n",
    "warnings.filterwarnings('ignore')"
   ]
  },
  {
   "cell_type": "markdown",
   "metadata": {},
   "source": [
    "### Load the dataset\n",
    "\n",
    "- Load the train data and using all your knowledge of pandas try to explore the different statistical properties like correlation of the dataset."
   ]
  },
  {
   "cell_type": "code",
   "execution_count": 7,
   "metadata": {},
   "outputs": [],
   "source": [
    "# # Code starts here\n",
    "train = pd.read_csv(\"train.csv\")\n",
    "\n",
    "# train.head()\n",
    "# # train.info()\n",
    "\n",
    "# # train.isnull().sum()\n",
    "# # train.describe()\n",
    "# train.columns\n",
    "# # Code ends here."
   ]
  },
  {
   "cell_type": "code",
   "execution_count": 8,
   "metadata": {
    "scrolled": false
   },
   "outputs": [],
   "source": [
    "# train.head()"
   ]
  },
  {
   "cell_type": "code",
   "execution_count": 9,
   "metadata": {},
   "outputs": [],
   "source": [
    "# train.corr()"
   ]
  },
  {
   "cell_type": "markdown",
   "metadata": {},
   "source": [
    "## Model building\n",
    "\n",
    "- Separate the features and target and then split the train data into train and validation set.\n",
    "- Apply different models of your choice and  then predict on the validation data and find the `accuracy_score` for this prediction.\n",
    "- Try improving upon the `accuracy_score` using different regularization techniques."
   ]
  },
  {
   "cell_type": "code",
   "execution_count": 10,
   "metadata": {},
   "outputs": [
    {
     "name": "stdout",
     "output_type": "stream",
     "text": [
      "0.6741242167339545\n"
     ]
    }
   ],
   "source": [
    "# Code starts here\n",
    "\n",
    "# Split into features and target\n",
    "X = train.drop(['Price'],axis=1)\n",
    "y = train['Price']\n",
    "\n",
    "# Separate into train and test data\n",
    "X_train, X_test, y_train, y_test = train_test_split(X,y,random_state=30,test_size=0.08)\n",
    "\n",
    "# print(X_train.head(2))\n",
    "# print(y_train.head(2))\n",
    "\n",
    "# Instantiate linear regression\n",
    "regressor = LinearRegression()\n",
    "\n",
    "# fit the model on training data\n",
    "regressor.fit(X_train,y_train)\n",
    "\n",
    "\n",
    "# make prediction\n",
    "y_pred = regressor.predict(X_test)\n",
    "\n",
    "# # calculate the mean_absolute_error\n",
    "# mae = mean_absolute_error(y_test, y_pred)\n",
    "# print(mae)\n",
    "\n",
    "# calculate the r2 score\n",
    "r2 = r2_score(y_test, y_pred)\n",
    "print(r2)   \n",
    "\n",
    "# Code ends here."
   ]
  },
  {
   "cell_type": "code",
   "execution_count": 11,
   "metadata": {},
   "outputs": [
    {
     "data": {
      "text/html": [
       "<div>\n",
       "<style scoped>\n",
       "    .dataframe tbody tr th:only-of-type {\n",
       "        vertical-align: middle;\n",
       "    }\n",
       "\n",
       "    .dataframe tbody tr th {\n",
       "        vertical-align: top;\n",
       "    }\n",
       "\n",
       "    .dataframe thead th {\n",
       "        text-align: right;\n",
       "    }\n",
       "</style>\n",
       "<table border=\"1\" class=\"dataframe\">\n",
       "  <thead>\n",
       "    <tr style=\"text-align: right;\">\n",
       "      <th></th>\n",
       "      <th>Id</th>\n",
       "      <th>Rooms</th>\n",
       "      <th>Type</th>\n",
       "      <th>Method</th>\n",
       "      <th>SellerG</th>\n",
       "      <th>Distance</th>\n",
       "      <th>Postcode</th>\n",
       "      <th>Bathroom</th>\n",
       "      <th>Car</th>\n",
       "      <th>Landsize</th>\n",
       "      <th>BuildingArea</th>\n",
       "      <th>YearBuilt</th>\n",
       "      <th>CouncilArea</th>\n",
       "      <th>Longtitude</th>\n",
       "      <th>Regionname</th>\n",
       "      <th>Propertycount</th>\n",
       "    </tr>\n",
       "  </thead>\n",
       "  <tbody>\n",
       "    <tr>\n",
       "      <th>Id</th>\n",
       "      <td>1.000000</td>\n",
       "      <td>0.070876</td>\n",
       "      <td>-0.082628</td>\n",
       "      <td>0.015580</td>\n",
       "      <td>0.037338</td>\n",
       "      <td>0.299131</td>\n",
       "      <td>0.083149</td>\n",
       "      <td>0.006651</td>\n",
       "      <td>0.083560</td>\n",
       "      <td>0.076063</td>\n",
       "      <td>-0.020497</td>\n",
       "      <td>0.108219</td>\n",
       "      <td>-0.200123</td>\n",
       "      <td>0.021170</td>\n",
       "      <td>-0.105660</td>\n",
       "      <td>0.017466</td>\n",
       "    </tr>\n",
       "    <tr>\n",
       "      <th>Rooms</th>\n",
       "      <td>0.070876</td>\n",
       "      <td>1.000000</td>\n",
       "      <td>-0.591691</td>\n",
       "      <td>-0.055509</td>\n",
       "      <td>-0.037077</td>\n",
       "      <td>0.292686</td>\n",
       "      <td>0.049507</td>\n",
       "      <td>0.608581</td>\n",
       "      <td>0.416997</td>\n",
       "      <td>0.085562</td>\n",
       "      <td>0.590720</td>\n",
       "      <td>-0.058786</td>\n",
       "      <td>-0.208565</td>\n",
       "      <td>0.098117</td>\n",
       "      <td>-0.009112</td>\n",
       "      <td>-0.110457</td>\n",
       "    </tr>\n",
       "    <tr>\n",
       "      <th>Type</th>\n",
       "      <td>-0.082628</td>\n",
       "      <td>-0.591691</td>\n",
       "      <td>1.000000</td>\n",
       "      <td>0.087482</td>\n",
       "      <td>0.030624</td>\n",
       "      <td>-0.247787</td>\n",
       "      <td>0.020019</td>\n",
       "      <td>-0.276986</td>\n",
       "      <td>-0.283570</td>\n",
       "      <td>-0.036950</td>\n",
       "      <td>-0.383268</td>\n",
       "      <td>0.300430</td>\n",
       "      <td>0.160088</td>\n",
       "      <td>0.002807</td>\n",
       "      <td>0.056108</td>\n",
       "      <td>0.118989</td>\n",
       "    </tr>\n",
       "    <tr>\n",
       "      <th>Method</th>\n",
       "      <td>0.015580</td>\n",
       "      <td>-0.055509</td>\n",
       "      <td>0.087482</td>\n",
       "      <td>1.000000</td>\n",
       "      <td>-0.005473</td>\n",
       "      <td>-0.064063</td>\n",
       "      <td>-0.034514</td>\n",
       "      <td>-0.019471</td>\n",
       "      <td>-0.021932</td>\n",
       "      <td>-0.022294</td>\n",
       "      <td>-0.049925</td>\n",
       "      <td>0.016324</td>\n",
       "      <td>0.014403</td>\n",
       "      <td>-0.060196</td>\n",
       "      <td>0.044356</td>\n",
       "      <td>-0.020248</td>\n",
       "    </tr>\n",
       "    <tr>\n",
       "      <th>SellerG</th>\n",
       "      <td>0.037338</td>\n",
       "      <td>-0.037077</td>\n",
       "      <td>0.030624</td>\n",
       "      <td>-0.005473</td>\n",
       "      <td>1.000000</td>\n",
       "      <td>0.022834</td>\n",
       "      <td>0.002431</td>\n",
       "      <td>-0.041029</td>\n",
       "      <td>0.001629</td>\n",
       "      <td>-0.027065</td>\n",
       "      <td>-0.046877</td>\n",
       "      <td>-0.004458</td>\n",
       "      <td>-0.003018</td>\n",
       "      <td>-0.064592</td>\n",
       "      <td>0.023506</td>\n",
       "      <td>0.066235</td>\n",
       "    </tr>\n",
       "    <tr>\n",
       "      <th>Distance</th>\n",
       "      <td>0.299131</td>\n",
       "      <td>0.292686</td>\n",
       "      <td>-0.247787</td>\n",
       "      <td>-0.064063</td>\n",
       "      <td>0.022834</td>\n",
       "      <td>1.000000</td>\n",
       "      <td>0.424283</td>\n",
       "      <td>0.115608</td>\n",
       "      <td>0.262489</td>\n",
       "      <td>0.057948</td>\n",
       "      <td>0.144757</td>\n",
       "      <td>0.251527</td>\n",
       "      <td>-0.281268</td>\n",
       "      <td>0.202268</td>\n",
       "      <td>-0.084918</td>\n",
       "      <td>-0.071693</td>\n",
       "    </tr>\n",
       "    <tr>\n",
       "      <th>Postcode</th>\n",
       "      <td>0.083149</td>\n",
       "      <td>0.049507</td>\n",
       "      <td>0.020019</td>\n",
       "      <td>-0.034514</td>\n",
       "      <td>0.002431</td>\n",
       "      <td>0.424283</td>\n",
       "      <td>1.000000</td>\n",
       "      <td>0.084786</td>\n",
       "      <td>0.025533</td>\n",
       "      <td>0.030302</td>\n",
       "      <td>0.056426</td>\n",
       "      <td>0.030973</td>\n",
       "      <td>-0.062960</td>\n",
       "      <td>0.418143</td>\n",
       "      <td>0.008039</td>\n",
       "      <td>0.059554</td>\n",
       "    </tr>\n",
       "    <tr>\n",
       "      <th>Bathroom</th>\n",
       "      <td>0.006651</td>\n",
       "      <td>0.608581</td>\n",
       "      <td>-0.276986</td>\n",
       "      <td>-0.019471</td>\n",
       "      <td>-0.041029</td>\n",
       "      <td>0.115608</td>\n",
       "      <td>0.084786</td>\n",
       "      <td>1.000000</td>\n",
       "      <td>0.326649</td>\n",
       "      <td>0.078819</td>\n",
       "      <td>0.518125</td>\n",
       "      <td>0.156432</td>\n",
       "      <td>-0.105259</td>\n",
       "      <td>0.109964</td>\n",
       "      <td>0.039258</td>\n",
       "      <td>-0.058690</td>\n",
       "    </tr>\n",
       "    <tr>\n",
       "      <th>Car</th>\n",
       "      <td>0.083560</td>\n",
       "      <td>0.416997</td>\n",
       "      <td>-0.283570</td>\n",
       "      <td>-0.021932</td>\n",
       "      <td>0.001629</td>\n",
       "      <td>0.262489</td>\n",
       "      <td>0.025533</td>\n",
       "      <td>0.326649</td>\n",
       "      <td>1.000000</td>\n",
       "      <td>0.108551</td>\n",
       "      <td>0.314951</td>\n",
       "      <td>0.108820</td>\n",
       "      <td>-0.172679</td>\n",
       "      <td>0.049759</td>\n",
       "      <td>0.009184</td>\n",
       "      <td>-0.035141</td>\n",
       "    </tr>\n",
       "    <tr>\n",
       "      <th>Landsize</th>\n",
       "      <td>0.076063</td>\n",
       "      <td>0.085562</td>\n",
       "      <td>-0.036950</td>\n",
       "      <td>-0.022294</td>\n",
       "      <td>-0.027065</td>\n",
       "      <td>0.057948</td>\n",
       "      <td>0.030302</td>\n",
       "      <td>0.078819</td>\n",
       "      <td>0.108551</td>\n",
       "      <td>1.000000</td>\n",
       "      <td>0.076709</td>\n",
       "      <td>0.034860</td>\n",
       "      <td>-0.045376</td>\n",
       "      <td>0.037868</td>\n",
       "      <td>-0.012948</td>\n",
       "      <td>-0.018068</td>\n",
       "    </tr>\n",
       "    <tr>\n",
       "      <th>BuildingArea</th>\n",
       "      <td>-0.020497</td>\n",
       "      <td>0.590720</td>\n",
       "      <td>-0.383268</td>\n",
       "      <td>-0.049925</td>\n",
       "      <td>-0.046877</td>\n",
       "      <td>0.144757</td>\n",
       "      <td>0.056426</td>\n",
       "      <td>0.518125</td>\n",
       "      <td>0.314951</td>\n",
       "      <td>0.076709</td>\n",
       "      <td>1.000000</td>\n",
       "      <td>0.012727</td>\n",
       "      <td>-0.165627</td>\n",
       "      <td>0.103751</td>\n",
       "      <td>0.035599</td>\n",
       "      <td>-0.072261</td>\n",
       "    </tr>\n",
       "    <tr>\n",
       "      <th>YearBuilt</th>\n",
       "      <td>0.108219</td>\n",
       "      <td>-0.058786</td>\n",
       "      <td>0.300430</td>\n",
       "      <td>0.016324</td>\n",
       "      <td>-0.004458</td>\n",
       "      <td>0.251527</td>\n",
       "      <td>0.030973</td>\n",
       "      <td>0.156432</td>\n",
       "      <td>0.108820</td>\n",
       "      <td>0.034860</td>\n",
       "      <td>0.012727</td>\n",
       "      <td>1.000000</td>\n",
       "      <td>-0.066568</td>\n",
       "      <td>-0.007569</td>\n",
       "      <td>-0.012465</td>\n",
       "      <td>0.020075</td>\n",
       "    </tr>\n",
       "    <tr>\n",
       "      <th>CouncilArea</th>\n",
       "      <td>-0.200123</td>\n",
       "      <td>-0.208565</td>\n",
       "      <td>0.160088</td>\n",
       "      <td>0.014403</td>\n",
       "      <td>-0.003018</td>\n",
       "      <td>-0.281268</td>\n",
       "      <td>-0.062960</td>\n",
       "      <td>-0.105259</td>\n",
       "      <td>-0.172679</td>\n",
       "      <td>-0.045376</td>\n",
       "      <td>-0.165627</td>\n",
       "      <td>-0.066568</td>\n",
       "      <td>1.000000</td>\n",
       "      <td>-0.154728</td>\n",
       "      <td>-0.044848</td>\n",
       "      <td>0.022083</td>\n",
       "    </tr>\n",
       "    <tr>\n",
       "      <th>Longtitude</th>\n",
       "      <td>0.021170</td>\n",
       "      <td>0.098117</td>\n",
       "      <td>0.002807</td>\n",
       "      <td>-0.060196</td>\n",
       "      <td>-0.064592</td>\n",
       "      <td>0.202268</td>\n",
       "      <td>0.418143</td>\n",
       "      <td>0.109964</td>\n",
       "      <td>0.049759</td>\n",
       "      <td>0.037868</td>\n",
       "      <td>0.103751</td>\n",
       "      <td>-0.007569</td>\n",
       "      <td>-0.154728</td>\n",
       "      <td>1.000000</td>\n",
       "      <td>-0.480561</td>\n",
       "      <td>0.049052</td>\n",
       "    </tr>\n",
       "    <tr>\n",
       "      <th>Regionname</th>\n",
       "      <td>-0.105660</td>\n",
       "      <td>-0.009112</td>\n",
       "      <td>0.056108</td>\n",
       "      <td>0.044356</td>\n",
       "      <td>0.023506</td>\n",
       "      <td>-0.084918</td>\n",
       "      <td>0.008039</td>\n",
       "      <td>0.039258</td>\n",
       "      <td>0.009184</td>\n",
       "      <td>-0.012948</td>\n",
       "      <td>0.035599</td>\n",
       "      <td>-0.012465</td>\n",
       "      <td>-0.044848</td>\n",
       "      <td>-0.480561</td>\n",
       "      <td>1.000000</td>\n",
       "      <td>-0.140861</td>\n",
       "    </tr>\n",
       "    <tr>\n",
       "      <th>Propertycount</th>\n",
       "      <td>0.017466</td>\n",
       "      <td>-0.110457</td>\n",
       "      <td>0.118989</td>\n",
       "      <td>-0.020248</td>\n",
       "      <td>0.066235</td>\n",
       "      <td>-0.071693</td>\n",
       "      <td>0.059554</td>\n",
       "      <td>-0.058690</td>\n",
       "      <td>-0.035141</td>\n",
       "      <td>-0.018068</td>\n",
       "      <td>-0.072261</td>\n",
       "      <td>0.020075</td>\n",
       "      <td>0.022083</td>\n",
       "      <td>0.049052</td>\n",
       "      <td>-0.140861</td>\n",
       "      <td>1.000000</td>\n",
       "    </tr>\n",
       "  </tbody>\n",
       "</table>\n",
       "</div>"
      ],
      "text/plain": [
       "                     Id     Rooms      Type    Method   SellerG  Distance  \\\n",
       "Id             1.000000  0.070876 -0.082628  0.015580  0.037338  0.299131   \n",
       "Rooms          0.070876  1.000000 -0.591691 -0.055509 -0.037077  0.292686   \n",
       "Type          -0.082628 -0.591691  1.000000  0.087482  0.030624 -0.247787   \n",
       "Method         0.015580 -0.055509  0.087482  1.000000 -0.005473 -0.064063   \n",
       "SellerG        0.037338 -0.037077  0.030624 -0.005473  1.000000  0.022834   \n",
       "Distance       0.299131  0.292686 -0.247787 -0.064063  0.022834  1.000000   \n",
       "Postcode       0.083149  0.049507  0.020019 -0.034514  0.002431  0.424283   \n",
       "Bathroom       0.006651  0.608581 -0.276986 -0.019471 -0.041029  0.115608   \n",
       "Car            0.083560  0.416997 -0.283570 -0.021932  0.001629  0.262489   \n",
       "Landsize       0.076063  0.085562 -0.036950 -0.022294 -0.027065  0.057948   \n",
       "BuildingArea  -0.020497  0.590720 -0.383268 -0.049925 -0.046877  0.144757   \n",
       "YearBuilt      0.108219 -0.058786  0.300430  0.016324 -0.004458  0.251527   \n",
       "CouncilArea   -0.200123 -0.208565  0.160088  0.014403 -0.003018 -0.281268   \n",
       "Longtitude     0.021170  0.098117  0.002807 -0.060196 -0.064592  0.202268   \n",
       "Regionname    -0.105660 -0.009112  0.056108  0.044356  0.023506 -0.084918   \n",
       "Propertycount  0.017466 -0.110457  0.118989 -0.020248  0.066235 -0.071693   \n",
       "\n",
       "               Postcode  Bathroom       Car  Landsize  BuildingArea  \\\n",
       "Id             0.083149  0.006651  0.083560  0.076063     -0.020497   \n",
       "Rooms          0.049507  0.608581  0.416997  0.085562      0.590720   \n",
       "Type           0.020019 -0.276986 -0.283570 -0.036950     -0.383268   \n",
       "Method        -0.034514 -0.019471 -0.021932 -0.022294     -0.049925   \n",
       "SellerG        0.002431 -0.041029  0.001629 -0.027065     -0.046877   \n",
       "Distance       0.424283  0.115608  0.262489  0.057948      0.144757   \n",
       "Postcode       1.000000  0.084786  0.025533  0.030302      0.056426   \n",
       "Bathroom       0.084786  1.000000  0.326649  0.078819      0.518125   \n",
       "Car            0.025533  0.326649  1.000000  0.108551      0.314951   \n",
       "Landsize       0.030302  0.078819  0.108551  1.000000      0.076709   \n",
       "BuildingArea   0.056426  0.518125  0.314951  0.076709      1.000000   \n",
       "YearBuilt      0.030973  0.156432  0.108820  0.034860      0.012727   \n",
       "CouncilArea   -0.062960 -0.105259 -0.172679 -0.045376     -0.165627   \n",
       "Longtitude     0.418143  0.109964  0.049759  0.037868      0.103751   \n",
       "Regionname     0.008039  0.039258  0.009184 -0.012948      0.035599   \n",
       "Propertycount  0.059554 -0.058690 -0.035141 -0.018068     -0.072261   \n",
       "\n",
       "               YearBuilt  CouncilArea  Longtitude  Regionname  Propertycount  \n",
       "Id              0.108219    -0.200123    0.021170   -0.105660       0.017466  \n",
       "Rooms          -0.058786    -0.208565    0.098117   -0.009112      -0.110457  \n",
       "Type            0.300430     0.160088    0.002807    0.056108       0.118989  \n",
       "Method          0.016324     0.014403   -0.060196    0.044356      -0.020248  \n",
       "SellerG        -0.004458    -0.003018   -0.064592    0.023506       0.066235  \n",
       "Distance        0.251527    -0.281268    0.202268   -0.084918      -0.071693  \n",
       "Postcode        0.030973    -0.062960    0.418143    0.008039       0.059554  \n",
       "Bathroom        0.156432    -0.105259    0.109964    0.039258      -0.058690  \n",
       "Car             0.108820    -0.172679    0.049759    0.009184      -0.035141  \n",
       "Landsize        0.034860    -0.045376    0.037868   -0.012948      -0.018068  \n",
       "BuildingArea    0.012727    -0.165627    0.103751    0.035599      -0.072261  \n",
       "YearBuilt       1.000000    -0.066568   -0.007569   -0.012465       0.020075  \n",
       "CouncilArea    -0.066568     1.000000   -0.154728   -0.044848       0.022083  \n",
       "Longtitude     -0.007569    -0.154728    1.000000   -0.480561       0.049052  \n",
       "Regionname     -0.012465    -0.044848   -0.480561    1.000000      -0.140861  \n",
       "Propertycount   0.020075     0.022083    0.049052   -0.140861       1.000000  "
      ]
     },
     "execution_count": 11,
     "metadata": {},
     "output_type": "execute_result"
    }
   ],
   "source": [
    "X_train.corr()\n",
    "\n",
    "#Building area with rooms and bathroom with rooms are highly correlated \n"
   ]
  },
  {
   "cell_type": "code",
   "execution_count": 12,
   "metadata": {},
   "outputs": [
    {
     "name": "stdout",
     "output_type": "stream",
     "text": [
      "508.5743627632765\n",
      "0.6741230974428124\n"
     ]
    }
   ],
   "source": [
    "# X_train.Bathroom = X_train.Bathroom**3\n",
    "\n",
    "# X_test.Bathroom =X_test.Bathroom**3\n",
    "\n",
    "lasso=Lasso()\n",
    "\n",
    "lasso.fit(X_train,y_train)\n",
    "\n",
    "lasso_pred=lasso.predict(X_test)\n",
    "\n",
    "\n",
    "# calculate the mean_absolute_error\n",
    "mae_lasso = np.sqrt(mean_absolute_error(y_test, lasso_pred))\n",
    "print(mae_lasso)\n",
    "\n",
    "# calculate the r2 score\n",
    "r2_lasso = r2_score(y_test, lasso_pred)\n",
    "print(r2_lasso)    \n",
    "\n",
    "\n",
    "\n"
   ]
  },
  {
   "cell_type": "code",
   "execution_count": 13,
   "metadata": {},
   "outputs": [
    {
     "name": "stdout",
     "output_type": "stream",
     "text": [
      "258647.88246007275\n",
      "0.6736237272699098\n"
     ]
    }
   ],
   "source": [
    "ridge=Ridge()\n",
    "\n",
    "ridge.fit(X_train,y_train)\n",
    "\n",
    "ridge_pred=ridge.predict(X_test)\n",
    "\n",
    "\n",
    "# calculate the mean_absolute_error\n",
    "mae_ridge = mean_absolute_error(y_test, lasso_pred)\n",
    "print(mae_ridge)\n",
    "\n",
    "# calculate the r2 score\n",
    "r2_ridge = r2_score(y_test, ridge_pred)\n",
    "print(r2_ridge)  "
   ]
  },
  {
   "cell_type": "code",
   "execution_count": 14,
   "metadata": {},
   "outputs": [
    {
     "name": "stdout",
     "output_type": "stream",
     "text": [
      "Lasso()\n",
      "0.6741230974428124 183897003797.74554 183931766964.45917\n"
     ]
    }
   ],
   "source": [
    "\n",
    "scorer =make_scorer(mean_squared_error,greater_is_better=False)\n",
    "\n",
    "rmse_L1= -np.mean(cross_val_score(lasso,X_train,y_train,scoring=scorer,cv=10))\n",
    "\n",
    "rmse_L2= -np.mean(cross_val_score(ridge,X_train,y_train,scoring=scorer,cv=10))\n",
    "\n",
    "# print(rmse_L1,rmse_L2)\n",
    "\n",
    "\n",
    "Model_1 =lasso if rmse_L1< rmse_L2 else ridge\n",
    "\n",
    "print(Model_1)\n",
    "\n",
    "\n",
    "Model_1.fit(X_train,y_train)\n",
    "\n",
    "pred=Model_1.predict(X_test)\n",
    "\n",
    "Error=r2_score(y_test, pred)\n",
    "\n",
    "print(Error,rmse_L1,rmse_L2)"
   ]
  },
  {
   "cell_type": "code",
   "execution_count": 33,
   "metadata": {},
   "outputs": [
    {
     "name": "stdout",
     "output_type": "stream",
     "text": [
      "0.792316565446501\n"
     ]
    }
   ],
   "source": [
    "# make pipeline for second degree polynomialfeatures\n",
    "model = make_pipeline(PolynomialFeatures(2), LinearRegression())\n",
    "\n",
    "# Fit the model on training set\n",
    "model.fit(X_train, y_train)\n",
    "\n",
    "# predict the model performance\n",
    "y_pred = model.predict(X_test)\n",
    "\n",
    "# calculate r2 score\n",
    "r2_poly= r2_score(y_test,y_pred)\n",
    "\n",
    "# print r2 score\n",
    "print(r2_poly)"
   ]
  },
  {
   "cell_type": "code",
   "execution_count": 35,
   "metadata": {},
   "outputs": [
    {
     "ename": "ValueError",
     "evalue": "X shape does not match training shape",
     "output_type": "error",
     "traceback": [
      "\u001b[1;31m---------------------------------------------------------------------------\u001b[0m",
      "\u001b[1;31mValueError\u001b[0m                                Traceback (most recent call last)",
      "\u001b[1;32m<ipython-input-35-67829fe2becd>\u001b[0m in \u001b[0;36m<module>\u001b[1;34m\u001b[0m\n\u001b[0;32m     11\u001b[0m \u001b[1;33m\u001b[0m\u001b[0m\n\u001b[0;32m     12\u001b[0m \u001b[1;31m# Predict on the test data using the best model\u001b[0m\u001b[1;33m\u001b[0m\u001b[1;33m\u001b[0m\u001b[1;33m\u001b[0m\u001b[0m\n\u001b[1;32m---> 13\u001b[1;33m \u001b[0my_pred_test\u001b[0m \u001b[1;33m=\u001b[0m \u001b[0mmodel\u001b[0m\u001b[1;33m.\u001b[0m\u001b[0mpredict\u001b[0m\u001b[1;33m(\u001b[0m\u001b[0mtest1\u001b[0m\u001b[1;33m)\u001b[0m\u001b[1;33m\u001b[0m\u001b[1;33m\u001b[0m\u001b[0m\n\u001b[0m\u001b[0;32m     14\u001b[0m \u001b[1;33m\u001b[0m\u001b[0m\n\u001b[0;32m     15\u001b[0m \u001b[1;31m# Create a sample submission file\u001b[0m\u001b[1;33m\u001b[0m\u001b[1;33m\u001b[0m\u001b[1;33m\u001b[0m\u001b[0m\n",
      "\u001b[1;32m~\\python\\lib\\site-packages\\sklearn\\utils\\metaestimators.py\u001b[0m in \u001b[0;36m<lambda>\u001b[1;34m(*args, **kwargs)\u001b[0m\n\u001b[0;32m    117\u001b[0m \u001b[1;33m\u001b[0m\u001b[0m\n\u001b[0;32m    118\u001b[0m         \u001b[1;31m# lambda, but not partial, allows help() to work with update_wrapper\u001b[0m\u001b[1;33m\u001b[0m\u001b[1;33m\u001b[0m\u001b[1;33m\u001b[0m\u001b[0m\n\u001b[1;32m--> 119\u001b[1;33m         \u001b[0mout\u001b[0m \u001b[1;33m=\u001b[0m \u001b[1;32mlambda\u001b[0m \u001b[1;33m*\u001b[0m\u001b[0margs\u001b[0m\u001b[1;33m,\u001b[0m \u001b[1;33m**\u001b[0m\u001b[0mkwargs\u001b[0m\u001b[1;33m:\u001b[0m \u001b[0mself\u001b[0m\u001b[1;33m.\u001b[0m\u001b[0mfn\u001b[0m\u001b[1;33m(\u001b[0m\u001b[0mobj\u001b[0m\u001b[1;33m,\u001b[0m \u001b[1;33m*\u001b[0m\u001b[0margs\u001b[0m\u001b[1;33m,\u001b[0m \u001b[1;33m**\u001b[0m\u001b[0mkwargs\u001b[0m\u001b[1;33m)\u001b[0m\u001b[1;33m\u001b[0m\u001b[1;33m\u001b[0m\u001b[0m\n\u001b[0m\u001b[0;32m    120\u001b[0m         \u001b[1;31m# update the docstring of the returned function\u001b[0m\u001b[1;33m\u001b[0m\u001b[1;33m\u001b[0m\u001b[1;33m\u001b[0m\u001b[0m\n\u001b[0;32m    121\u001b[0m         \u001b[0mupdate_wrapper\u001b[0m\u001b[1;33m(\u001b[0m\u001b[0mout\u001b[0m\u001b[1;33m,\u001b[0m \u001b[0mself\u001b[0m\u001b[1;33m.\u001b[0m\u001b[0mfn\u001b[0m\u001b[1;33m)\u001b[0m\u001b[1;33m\u001b[0m\u001b[1;33m\u001b[0m\u001b[0m\n",
      "\u001b[1;32m~\\python\\lib\\site-packages\\sklearn\\pipeline.py\u001b[0m in \u001b[0;36mpredict\u001b[1;34m(self, X, **predict_params)\u001b[0m\n\u001b[0;32m    405\u001b[0m         \u001b[0mXt\u001b[0m \u001b[1;33m=\u001b[0m \u001b[0mX\u001b[0m\u001b[1;33m\u001b[0m\u001b[1;33m\u001b[0m\u001b[0m\n\u001b[0;32m    406\u001b[0m         \u001b[1;32mfor\u001b[0m \u001b[0m_\u001b[0m\u001b[1;33m,\u001b[0m \u001b[0mname\u001b[0m\u001b[1;33m,\u001b[0m \u001b[0mtransform\u001b[0m \u001b[1;32min\u001b[0m \u001b[0mself\u001b[0m\u001b[1;33m.\u001b[0m\u001b[0m_iter\u001b[0m\u001b[1;33m(\u001b[0m\u001b[0mwith_final\u001b[0m\u001b[1;33m=\u001b[0m\u001b[1;32mFalse\u001b[0m\u001b[1;33m)\u001b[0m\u001b[1;33m:\u001b[0m\u001b[1;33m\u001b[0m\u001b[1;33m\u001b[0m\u001b[0m\n\u001b[1;32m--> 407\u001b[1;33m             \u001b[0mXt\u001b[0m \u001b[1;33m=\u001b[0m \u001b[0mtransform\u001b[0m\u001b[1;33m.\u001b[0m\u001b[0mtransform\u001b[0m\u001b[1;33m(\u001b[0m\u001b[0mXt\u001b[0m\u001b[1;33m)\u001b[0m\u001b[1;33m\u001b[0m\u001b[1;33m\u001b[0m\u001b[0m\n\u001b[0m\u001b[0;32m    408\u001b[0m         \u001b[1;32mreturn\u001b[0m \u001b[0mself\u001b[0m\u001b[1;33m.\u001b[0m\u001b[0msteps\u001b[0m\u001b[1;33m[\u001b[0m\u001b[1;33m-\u001b[0m\u001b[1;36m1\u001b[0m\u001b[1;33m]\u001b[0m\u001b[1;33m[\u001b[0m\u001b[1;33m-\u001b[0m\u001b[1;36m1\u001b[0m\u001b[1;33m]\u001b[0m\u001b[1;33m.\u001b[0m\u001b[0mpredict\u001b[0m\u001b[1;33m(\u001b[0m\u001b[0mXt\u001b[0m\u001b[1;33m,\u001b[0m \u001b[1;33m**\u001b[0m\u001b[0mpredict_params\u001b[0m\u001b[1;33m)\u001b[0m\u001b[1;33m\u001b[0m\u001b[1;33m\u001b[0m\u001b[0m\n\u001b[0;32m    409\u001b[0m \u001b[1;33m\u001b[0m\u001b[0m\n",
      "\u001b[1;32m~\\python\\lib\\site-packages\\sklearn\\preprocessing\\_data.py\u001b[0m in \u001b[0;36mtransform\u001b[1;34m(self, X)\u001b[0m\n\u001b[0;32m   1554\u001b[0m \u001b[1;33m\u001b[0m\u001b[0m\n\u001b[0;32m   1555\u001b[0m         \u001b[1;32mif\u001b[0m \u001b[0mn_features\u001b[0m \u001b[1;33m!=\u001b[0m \u001b[0mself\u001b[0m\u001b[1;33m.\u001b[0m\u001b[0mn_input_features_\u001b[0m\u001b[1;33m:\u001b[0m\u001b[1;33m\u001b[0m\u001b[1;33m\u001b[0m\u001b[0m\n\u001b[1;32m-> 1556\u001b[1;33m             \u001b[1;32mraise\u001b[0m \u001b[0mValueError\u001b[0m\u001b[1;33m(\u001b[0m\u001b[1;34m\"X shape does not match training shape\"\u001b[0m\u001b[1;33m)\u001b[0m\u001b[1;33m\u001b[0m\u001b[1;33m\u001b[0m\u001b[0m\n\u001b[0m\u001b[0;32m   1557\u001b[0m \u001b[1;33m\u001b[0m\u001b[0m\n\u001b[0;32m   1558\u001b[0m         \u001b[1;32mif\u001b[0m \u001b[0msparse\u001b[0m\u001b[1;33m.\u001b[0m\u001b[0misspmatrix_csr\u001b[0m\u001b[1;33m(\u001b[0m\u001b[0mX\u001b[0m\u001b[1;33m)\u001b[0m\u001b[1;33m:\u001b[0m\u001b[1;33m\u001b[0m\u001b[1;33m\u001b[0m\u001b[0m\n",
      "\u001b[1;31mValueError\u001b[0m: X shape does not match training shape"
     ]
    }
   ],
   "source": [
    "# Prediction on test data\n",
    "\n",
    "# Read the test data\n",
    "test1 = pd.read_csv('test.csv')\n",
    "\n",
    "# Storing the id from the test file\n",
    "id_ = test1['Id']\n",
    "\n",
    "# Applying the same transformation on test data\n",
    "test1.drop('Id',axis=1,inplace=True)\n",
    "\n",
    "# Predict on the test data using the best model\n",
    "y_pred_test = model.predict(test1)\n",
    "\n",
    "# Create a sample submission file\n",
    "sample_submission = pd.DataFrame({'Id':id_,'Price':y_pred_test})\n",
    "\n",
    "# Convert the sample submission file into a csv file\n",
    "sample_submission.to_csv('sample_submission_final.csv',index=False)"
   ]
  },
  {
   "cell_type": "code",
   "execution_count": 15,
   "metadata": {},
   "outputs": [
    {
     "name": "stdout",
     "output_type": "stream",
     "text": [
      "0.6685918907919439\n"
     ]
    }
   ],
   "source": [
    "# model= make_pipeline(PolynomialFeatures(3),LinearRegression())\n",
    "\n",
    "# model.fit(X_train,y_train)\n",
    "\n",
    "# y_pred_m= model.predict(X_test)\n",
    "\n",
    "\n",
    "# # # calculate the mean_absolute_error\n",
    "# # mae_ridge = mean_absolute_error(y_test, lasso_pred)\n",
    "# # print(mae_ridge)\n",
    "\n",
    "# # calculate the r2 score\n",
    "# r2_poly= r2_score(y_test, y_pred_m)\n",
    "# print(r2_poly)"
   ]
  },
  {
   "cell_type": "code",
   "execution_count": 16,
   "metadata": {},
   "outputs": [
    {
     "name": "stdout",
     "output_type": "stream",
     "text": [
      "r2 0.6685918907919439\n"
     ]
    }
   ],
   "source": [
    "# Code starts here\n",
    "poly = PolynomialFeatures(3)\n",
    "X_train_2 = poly.fit_transform(X_train)\n",
    "X_test_2 = poly.transform(X_test)\n",
    "\n",
    "model_p = LinearRegression()\n",
    "model_p.fit(X_train_2, y_train)\n",
    "\n",
    "y_pred_2 = model_p.predict(X_test_2)\n",
    "\n",
    "r2_p = r2_score(y_test,y_pred_2)\n",
    "print(\"r2\", r2_p)\n",
    "\n",
    "# mae = mean_absolute_error(y_test, y_pred_2)\n",
    "# print(\"mae\", mae)\n",
    "# Code ends here"
   ]
  },
  {
   "cell_type": "code",
   "execution_count": 17,
   "metadata": {},
   "outputs": [
    {
     "data": {
      "text/plain": [
       "(4398, 16)"
      ]
     },
     "execution_count": 17,
     "metadata": {},
     "output_type": "execute_result"
    }
   ],
   "source": [
    "X_train.shape"
   ]
  },
  {
   "cell_type": "markdown",
   "metadata": {},
   "source": [
    "### Prediction on the test data and creating the sample submission file.\n",
    "\n",
    "- Load the test data and store the `Id` column in a separate variable.\n",
    "- Perform the same operations on the test data that you have performed on the train data.\n",
    "- Create the submission file as a `csv` file consisting of the `Id` column from the test data and your prediction as the second column."
   ]
  },
  {
   "cell_type": "code",
   "execution_count": 18,
   "metadata": {},
   "outputs": [],
   "source": [
    "\n",
    "# # Code Starts here\n",
    "# # Prediction on test data\n",
    "\n",
    "# # Read the test data\n",
    "# test = pd.read_csv('test.csv')\n",
    "\n",
    "# # Storing the id from the test file\n",
    "# id_ = test['Id']\n",
    "\n",
    "# # Code ends here."
   ]
  },
  {
   "cell_type": "code",
   "execution_count": 19,
   "metadata": {},
   "outputs": [
    {
     "data": {
      "text/html": [
       "<div>\n",
       "<style scoped>\n",
       "    .dataframe tbody tr th:only-of-type {\n",
       "        vertical-align: middle;\n",
       "    }\n",
       "\n",
       "    .dataframe tbody tr th {\n",
       "        vertical-align: top;\n",
       "    }\n",
       "\n",
       "    .dataframe thead th {\n",
       "        text-align: right;\n",
       "    }\n",
       "</style>\n",
       "<table border=\"1\" class=\"dataframe\">\n",
       "  <thead>\n",
       "    <tr style=\"text-align: right;\">\n",
       "      <th></th>\n",
       "      <th>Id</th>\n",
       "      <th>Rooms</th>\n",
       "      <th>Type</th>\n",
       "      <th>Method</th>\n",
       "      <th>SellerG</th>\n",
       "      <th>Distance</th>\n",
       "      <th>Postcode</th>\n",
       "      <th>Bathroom</th>\n",
       "      <th>Car</th>\n",
       "      <th>Landsize</th>\n",
       "      <th>BuildingArea</th>\n",
       "      <th>YearBuilt</th>\n",
       "      <th>CouncilArea</th>\n",
       "      <th>Longtitude</th>\n",
       "      <th>Regionname</th>\n",
       "      <th>Propertycount</th>\n",
       "    </tr>\n",
       "  </thead>\n",
       "  <tbody>\n",
       "    <tr>\n",
       "      <th>0</th>\n",
       "      <td>5067</td>\n",
       "      <td>4</td>\n",
       "      <td>0</td>\n",
       "      <td>1</td>\n",
       "      <td>32</td>\n",
       "      <td>27.0</td>\n",
       "      <td>3196</td>\n",
       "      <td>2</td>\n",
       "      <td>2</td>\n",
       "      <td>536</td>\n",
       "      <td>202.0</td>\n",
       "      <td>1985</td>\n",
       "      <td>12</td>\n",
       "      <td>145.13286</td>\n",
       "      <td>4</td>\n",
       "      <td>2076</td>\n",
       "    </tr>\n",
       "    <tr>\n",
       "      <th>1</th>\n",
       "      <td>3722</td>\n",
       "      <td>4</td>\n",
       "      <td>0</td>\n",
       "      <td>1</td>\n",
       "      <td>28</td>\n",
       "      <td>12.4</td>\n",
       "      <td>3060</td>\n",
       "      <td>2</td>\n",
       "      <td>2</td>\n",
       "      <td>567</td>\n",
       "      <td>116.0</td>\n",
       "      <td>1950</td>\n",
       "      <td>23</td>\n",
       "      <td>144.97030</td>\n",
       "      <td>2</td>\n",
       "      <td>5070</td>\n",
       "    </tr>\n",
       "    <tr>\n",
       "      <th>2</th>\n",
       "      <td>6820</td>\n",
       "      <td>5</td>\n",
       "      <td>0</td>\n",
       "      <td>1</td>\n",
       "      <td>16</td>\n",
       "      <td>12.4</td>\n",
       "      <td>3107</td>\n",
       "      <td>3</td>\n",
       "      <td>2</td>\n",
       "      <td>717</td>\n",
       "      <td>310.0</td>\n",
       "      <td>1963</td>\n",
       "      <td>-1</td>\n",
       "      <td>145.11320</td>\n",
       "      <td>0</td>\n",
       "      <td>5420</td>\n",
       "    </tr>\n",
       "    <tr>\n",
       "      <th>3</th>\n",
       "      <td>3103</td>\n",
       "      <td>2</td>\n",
       "      <td>2</td>\n",
       "      <td>1</td>\n",
       "      <td>196</td>\n",
       "      <td>3.3</td>\n",
       "      <td>3141</td>\n",
       "      <td>1</td>\n",
       "      <td>1</td>\n",
       "      <td>0</td>\n",
       "      <td>61.0</td>\n",
       "      <td>1965</td>\n",
       "      <td>26</td>\n",
       "      <td>144.98860</td>\n",
       "      <td>5</td>\n",
       "      <td>14887</td>\n",
       "    </tr>\n",
       "    <tr>\n",
       "      <th>4</th>\n",
       "      <td>2820</td>\n",
       "      <td>3</td>\n",
       "      <td>0</td>\n",
       "      <td>1</td>\n",
       "      <td>16</td>\n",
       "      <td>11.2</td>\n",
       "      <td>3073</td>\n",
       "      <td>2</td>\n",
       "      <td>1</td>\n",
       "      <td>618</td>\n",
       "      <td>149.0</td>\n",
       "      <td>1965</td>\n",
       "      <td>6</td>\n",
       "      <td>145.02120</td>\n",
       "      <td>2</td>\n",
       "      <td>21650</td>\n",
       "    </tr>\n",
       "  </tbody>\n",
       "</table>\n",
       "</div>"
      ],
      "text/plain": [
       "     Id  Rooms  Type  Method  SellerG  Distance  Postcode  Bathroom  Car  \\\n",
       "0  5067      4     0       1       32      27.0      3196         2    2   \n",
       "1  3722      4     0       1       28      12.4      3060         2    2   \n",
       "2  6820      5     0       1       16      12.4      3107         3    2   \n",
       "3  3103      2     2       1      196       3.3      3141         1    1   \n",
       "4  2820      3     0       1       16      11.2      3073         2    1   \n",
       "\n",
       "   Landsize  BuildingArea  YearBuilt  CouncilArea  Longtitude  Regionname  \\\n",
       "0       536         202.0       1985           12   145.13286           4   \n",
       "1       567         116.0       1950           23   144.97030           2   \n",
       "2       717         310.0       1963           -1   145.11320           0   \n",
       "3         0          61.0       1965           26   144.98860           5   \n",
       "4       618         149.0       1965            6   145.02120           2   \n",
       "\n",
       "   Propertycount  \n",
       "0           2076  \n",
       "1           5070  \n",
       "2           5420  \n",
       "3          14887  \n",
       "4          21650  "
      ]
     },
     "execution_count": 19,
     "metadata": {},
     "output_type": "execute_result"
    }
   ],
   "source": [
    "test.head()"
   ]
  },
  {
   "cell_type": "code",
   "execution_count": 24,
   "metadata": {
    "scrolled": true
   },
   "outputs": [],
   "source": [
    "# test.drop('Id',axis=1,inplace=True)"
   ]
  },
  {
   "cell_type": "code",
   "execution_count": 28,
   "metadata": {
    "scrolled": true
   },
   "outputs": [
    {
     "data": {
      "text/html": [
       "<div>\n",
       "<style scoped>\n",
       "    .dataframe tbody tr th:only-of-type {\n",
       "        vertical-align: middle;\n",
       "    }\n",
       "\n",
       "    .dataframe tbody tr th {\n",
       "        vertical-align: top;\n",
       "    }\n",
       "\n",
       "    .dataframe thead th {\n",
       "        text-align: right;\n",
       "    }\n",
       "</style>\n",
       "<table border=\"1\" class=\"dataframe\">\n",
       "  <thead>\n",
       "    <tr style=\"text-align: right;\">\n",
       "      <th></th>\n",
       "      <th>Rooms</th>\n",
       "      <th>Type</th>\n",
       "      <th>Method</th>\n",
       "      <th>SellerG</th>\n",
       "      <th>Distance</th>\n",
       "      <th>Postcode</th>\n",
       "      <th>Bathroom</th>\n",
       "      <th>Car</th>\n",
       "      <th>Landsize</th>\n",
       "      <th>BuildingArea</th>\n",
       "      <th>YearBuilt</th>\n",
       "      <th>CouncilArea</th>\n",
       "      <th>Longtitude</th>\n",
       "      <th>Regionname</th>\n",
       "      <th>Propertycount</th>\n",
       "    </tr>\n",
       "  </thead>\n",
       "  <tbody>\n",
       "    <tr>\n",
       "      <th>0</th>\n",
       "      <td>4</td>\n",
       "      <td>0</td>\n",
       "      <td>1</td>\n",
       "      <td>32</td>\n",
       "      <td>27.0</td>\n",
       "      <td>3196</td>\n",
       "      <td>2</td>\n",
       "      <td>2</td>\n",
       "      <td>536</td>\n",
       "      <td>202.0</td>\n",
       "      <td>1985</td>\n",
       "      <td>12</td>\n",
       "      <td>145.13286</td>\n",
       "      <td>4</td>\n",
       "      <td>2076</td>\n",
       "    </tr>\n",
       "    <tr>\n",
       "      <th>1</th>\n",
       "      <td>4</td>\n",
       "      <td>0</td>\n",
       "      <td>1</td>\n",
       "      <td>28</td>\n",
       "      <td>12.4</td>\n",
       "      <td>3060</td>\n",
       "      <td>2</td>\n",
